Id,SalePrice
1461,118340.0
1462,133752.5
1463,175293.4
1464,171460.0
1465,189126.3
1466,178415.3
1467,161915.4
1468,172195.3
1469,183950.0
1470,112100.0
1471,203750.0
1472,96730.0
1473,100370.0
1474,158393.4
1475,139620.0
1476,348425.0
1477,262324.9
1478,287551.7
1479,255278.5
1480,417903.5
1481,308928.7
1482,199475.6
1483,174183.9
1484,159920.0
1485,153430.0
1486,185350.0
1487,315992.4
1488,234512.8
1489,174641.4
1490,180250.0
1491,179235.0
1492,97450.0
1493,169543.4
1494,304036.3
1495,328282.4
1496,208550.0
1497,170965.0
1498,149885.2
1499,150490.2
1500,136146.6
1501,157420.0
1502,153545.2
1503,264412.2
1504,220085.6
1505,202200.0
1506,176000.0
1507,201290.0
1508,189920.0
1509,159890.0
1510,135836.7
1511,136912.5
1512,159990.5
1513,162500.5
1514,162069.7
1515,174210.0
1516,189040.0
1517,150247.5
1518,138050.0
1519,217942.8
1520,131783.7
1521,125462.5
1522,165040.0
1523,111905.0
1524,111410.0
1525,111765.0
1526,121040.0
1527,98720.0
1528,105817.6
1529,141483.7
1530,151620.0
1531,124140.0
1532,104700.0
1533,150090.0
1534,111895.0
1535,172140.0
1536,106395.0
1537,90470.0
1538,181540.0
1539,232303.0
1540,123740.0
1541,171250.0
1542,150850.0
1543,201000.0
1544,86590.0
1545,88410.0
1546,107650.0
1547,142650.0
1548,132090.0
1549,105500.0
1550,140633.2
1551,110518.0
1552,142540.0
1553,155000.0
1554,102500.4
1555,173410.0
1556,94990.0
1557,104585.9
1558,94530.0
1559,152108.7
1560,137240.0
1561,153218.7
1562,117230.0
1563,117390.0
1564,157786.6
1565,153700.0
1566,196067.8
1567,82180.0
1568,211408.5
1569,140003.2
1570,122925.0
1571,153210.0
1572,139047.5
1573,231800.0
1574,131110.0
1575,193682.8
1576,198685.0
1577,177360.0
1578,153360.5
1579,137073.3
1580,179350.0
1581,142440.0
1582,128145.0
1583,355270.3
1584,232890.0
1585,134353.3
1586,88680.0
1587,102750.0
1588,136182.5
1589,99730.0
1590,133807.5
1591,104525.0
1592,109895.0
1593,102520.0
1594,146530.0
1595,126253.2
1596,244775.0
1597,171320.0
1598,182750.6
1599,219056.1
1600,190740.0
1601,93340.0
1602,102890.0
1603,84639.3
1604,289750.0
1605,259305.2
1606,165370.0
1607,181700.5
1608,190536.0
1609,176416.5
1610,150298.3
1611,150090.0
1612,140095.3
1613,167510.0
1614,113340.0
1615,89615.0
1616,81790.0
1617,80240.0
1618,120520.0
1619,125963.2
1620,153840.6
1621,129403.3
1622,160403.4
1623,294392.4
1624,200425.0
1625,115900.0
1626,166630.0
1627,179833.4
1628,322240.0
1629,183635.0
1630,339608.1
1631,237246.1
1632,254949.4
1633,164680.0
1634,163790.0
1635,176470.0
1636,162233.7
1637,161294.0
1638,191630.0
1639,166750.0
1640,256397.9
1641,176350.0
1642,223140.0
1643,215573.0
1644,212335.6
1645,173502.9
1646,151950.0
1647,146590.0
1648,134858.7
1649,132550.0
1650,113800.0
1651,113010.0
1652,95930.0
1653,100340.0
1654,156193.4
1655,158865.0
1656,159443.4
1657,153493.4
1658,154893.4
1659,140050.0
1660,145300.0
1661,428669.8
1662,422822.2
1663,346527.0
1664,411475.5
1665,306168.9
1666,341659.8
1667,346371.2
1668,325218.9
1669,306361.7
1670,325218.9
1671,239490.0
1672,435431.4
1673,292570.5
1674,264371.4
1675,181056.4
1676,180416.4
1677,195056.0
1678,443559.1
1679,354865.0
1680,283855.3
1681,252206.1
1682,303047.4
1683,192500.0
1684,179659.0
1685,163465.3
1686,164390.0
1687,151350.0
1688,199918.0
1689,194415.0
1690,174643.4
1691,162493.4
1692,278582.4
1693,153430.0
1694,175130.0
1695,173970.0
1696,263230.0
1697,178060.0
1698,346228.4
1699,341915.0
1700,238669.9
1701,258662.4
1702,270260.2
1703,243174.2
1704,295762.1
1705,214212.4
1706,434860.9
1707,192048.0
1708,211699.4
1709,286650.0
1710,224103.0
1711,262185.4
1712,242418.9
1713,233766.4
1714,213327.0
1715,175600.0
1716,178355.0
1717,164210.0
1718,142891.4
1719,193455.0
1720,268241.7
1721,161740.0
1722,133525.0
1723,152380.0
1724,187629.0
1725,230040.0
1726,177500.0
1727,177493.7
1728,184770.0
1729,155366.4
1730,174388.5
1731,113280.0
1732,118630.0
1733,108730.0
1734,131490.0
1735,125490.0
1736,104780.0
1737,371787.8
1738,221680.5
1739,300794.9
1740,177440.0
1741,162163.7
1742,160120.0
1743,175300.0
1744,309740.2
1745,231330.0
1746,279176.8
1747,224840.0
1748,208037.0
1749,150040.0
1750,144740.0
1751,233640.0
1752,110340.0
1753,141000.0
1754,223987.0
1755,149800.0
1756,112250.0
1757,111890.0
1758,145405.0
1759,171890.0
1760,151269.2
1761,148330.5
1762,168550.0
1763,160380.0
1764,117950.0
1765,175970.0
1766,164940.0
1767,212940.0
1768,131400.0
1769,165650.0
1770,120620.0
1771,128435.0
1772,131907.5
1773,130600.0
1774,140050.0
1775,131360.0
1776,117199.3
1777,98840.0
1778,121530.0
1779,103937.1
1780,187300.0
1781,120640.0
1782,101290.0
1783,112400.0
1784,87150.0
1785,105636.0
1786,141890.0
1787,179986.5
1788,72840.0
1789,96670.0
1790,98030.0
1791,177347.0
1792,146000.0
1793,144190.0
1794,131720.0
1795,134095.0
1796,106997.1
1797,125260.0
1798,120102.5
1799,105130.0
1800,104294.3
1801,119260.0
1802,165170.0
1803,150290.0
1804,138959.2
1805,130630.0
1806,104440.0
1807,139700.0
1808,109850.0
1809,151100.0
1810,136750.0
1811,139803.7
1812,135150.0
1813,114850.0
1814,85455.0
1815,74240.0
1816,94570.0
1817,145475.0
1818,135150.0
1819,106515.4
1820,82299.3
1821,135640.4
1822,153500.0
1823,74779.3
1824,124840.0
1825,136540.0
1826,97670.0
1827,100325.0
1828,143900.0
1829,102548.0
1830,157940.0
1831,183690.0
1832,112178.7
1833,142678.7
1834,115390.0
1835,178650.0
1836,131590.0
1837,106150.0
1838,116590.0
1839,68230.0
1840,161259.5
1841,147797.5
1842,98700.0
1843,143485.0
1844,130163.2
1845,143828.7
1846,144855.0
1847,143304.0
1848,79230.0
1849,116700.0
1850,127850.0
1851,152660.0
1852,123150.0
1853,130417.5
1854,165830.0
1855,142293.2
1856,223512.8
1857,137800.0
1858,137195.3
1859,126972.8
1860,151317.5
1861,126972.8
1862,285897.9
1863,285897.9
1864,285897.9
1865,340926.5
1866,347955.5
1867,265581.4
1868,269793.2
1869,181010.0
1870,267990.2
1871,276144.3
1872,165747.5
1873,198010.0
1874,134713.3
1875,187440.0
1876,172840.0
1877,184797.8
1878,208240.0
1879,120093.2
1880,126468.2
1881,226947.8
1882,250095.9
1883,186040.0
1884,216757.8
1885,288510.0
1886,298146.1
1887,211367.8
1888,292690.9
1889,147033.3
1890,137962.5
1891,130983.2
1892,106180.0
1893,127440.0
1894,133458.7
1895,168630.0
1896,112800.0
1897,104550.0
1898,96345.0
1899,121617.1
1900,144750.0
1901,164400.0
1902,128995.9
1903,248017.9
1904,135890.0
1905,191505.0
1906,168300.0
1907,198430.0
1908,114963.2
1909,118503.2
1910,115463.2
1911,199130.0
1912,258807.8
1913,139050.0
1914,91049.3
1915,290550.0
1916,84820.0
1917,257915.4
1918,130643.2
1919,148793.2
1920,144550.0
1921,367781.2
1922,362937.5
1923,198800.0
1924,218640.0
1925,223879.0
1926,368884.7
1927,135250.0
1928,167690.0
1929,117575.0
1930,127443.2
1931,133053.3
1932,137873.3
1933,164850.0
1934,171233.4
1935,158400.0
1936,172750.0
1937,181895.3
1938,165419.0
1939,252329.4
1940,182990.0
1941,169208.7
1942,188720.0
1943,200382.6
1944,309470.2
1945,385384.1
1946,182140.0
1947,300271.3
1948,184850.0
1949,223370.0
1950,163640.0
1951,265500.0
1952,214880.0
1953,155485.0
1954,201980.0
1955,125450.0
1956,299422.9
1957,168790.0
1958,330420.0
1959,132480.0
1960,116855.0
1961,112370.0
1962,97330.0
1963,105320.0
1964,116350.0
1965,155600.0
1966,149880.0
1967,270201.7
1968,336734.4
1969,386588.9
1970,380765.1
1971,430634.2
1972,347216.8
1973,263374.6
1974,311450.0
1975,431305.2
1976,293139.5
1977,369643.3
1978,381051.4
1979,355200.9
1980,182474.1
1981,314819.2
1982,238852.4
1983,194873.0
1984,165230.0
1985,201877.8
1986,214655.6
1987,161798.5
1988,171465.3
1989,186203.4
1990,209800.0
1991,197138.0
1992,216950.0
1993,170873.4
1994,252280.0
1995,178835.0
1996,230993.5
1997,329035.8
1998,364073.4
1999,248879.0
2000,315621.8
2001,258459.4
2002,226627.8
2003,267344.4
2004,281317.7
2005,232389.4
2006,198935.6
2007,256887.4
2008,179930.0
2009,166275.3
2010,181135.0
2011,142828.5
2012,159218.6
2013,169820.0
2014,173360.0
2015,191900.0
2016,163690.0
2017,186030.0
2018,119250.0
2019,126430.0
2020,115330.0
2021,110430.0
2022,169190.0
2023,155793.2
2024,215270.0
2025,326527.0
2026,165138.4
2027,122003.3
2028,145310.0
2029,163170.0
2030,263877.4
2031,240345.6
2032,295977.4
2033,258737.4
2034,158510.0
2035,201630.0
2036,197695.6
2037,197695.6
2038,326152.0
2039,230140.0
2040,397381.0
2041,289974.6
2042,199861.5
2043,167150.0
2044,171670.0
2045,240857.0
2046,138300.0
2047,148600.0
2048,125630.0
2049,143291.5
2050,173580.0
2051,87090.0
2052,133850.0
2053,149130.0
2054,73810.0
2055,151430.5
2056,119146.4
2057,121000.0
2058,216020.0
2059,125145.9
2060,162450.0
2061,190490.0
2062,129712.5
2063,106490.0
2064,138290.0
2065,111340.0
2066,189850.0
2067,118345.3
2068,143440.5
2069,96680.0
2070,103300.0
2071,86370.0
2072,132250.0
2073,124050.0
2074,180595.0
2075,146387.5
2076,118670.0
2077,134878.7
2078,128075.0
2079,124890.0
2080,102895.0
2081,121650.0
2082,137115.0
2083,147300.0
2084,106825.0
2085,128750.0
2086,135823.3
2087,117800.0
2088,108765.0
2089,80940.0
2090,127249.0
2091,140425.0
2092,142860.0
2093,146423.2
2094,147170.0
2095,142000.0
2096,96100.0
2097,102035.0
2098,145540.0
2099,72351.1
2100,121159.3
2101,130900.0
2102,146680.0
2103,101690.0
2104,136178.7
2105,127490.0
2106,84830.0
2107,253384.9
2108,109890.0
2109,118380.0
2110,116100.0
2111,156050.0
2112,151545.0
2113,109590.0
2114,98115.0
2115,145040.0
2116,101000.0
2117,155475.0
2118,110690.0
2119,100270.4
2120,98990.0
2121,114000.0
2122,93990.0
2123,87200.0
2124,206270.0
2125,137290.0
2126,171550.0
2127,137885.0
2128,130340.0
2129,88150.0
2130,143750.0
2131,158230.4
2132,114240.0
2133,103688.0
2134,115440.0
2135,99050.0
2136,92100.0
2137,105910.0
2138,139662.5
2139,155322.5
2140,119090.0
2141,131913.2
2142,142140.0
2143,152067.5
2144,105005.9
2145,126830.0
2146,124198.3
2147,144880.0
2148,132765.0
2149,119800.0
2150,227530.0
2151,119350.0
2152,178350.0
2153,161700.0
2154,117170.0
2155,111865.0
2156,218970.0
2157,244507.0
2158,224502.5
2159,204600.0
2160,163703.5
2161,261681.4
2162,393989.7
2163,335183.1
2164,283893.9
2165,188272.4
2166,137298.3
2167,205262.8
2168,210600.0
2169,183150.0
2170,204887.8
2171,132471.5
2172,146650.0
2173,163599.8
2174,252616.0
2175,309250.0
2176,343080.2
2177,241850.0
2178,221212.4
2179,133103.3
2180,162825.0
2181,191473.2
2182,219890.0
2183,174857.5
2184,140200.0
2185,122450.0
2186,143183.7
2187,144257.5
2188,143288.4
2189,171397.0
2190,101890.0
2191,100670.0
2192,118625.0
2193,99680.0
2194,96940.0
2195,107200.0
2196,108517.1
2197,100300.0
2198,164490.0
2199,168475.0
2200,112040.0
2201,123550.4
2202,189159.3
2203,162400.0
2204,167250.0
2205,117990.0
2206,132330.0
2207,208619.3
2208,217600.0
2209,190120.0
2210,115313.2
2211,96530.0
2212,98730.0
2213,107150.0
2214,136293.2
2215,107530.0
2216,147490.0
2217,89730.0
2218,87599.3
2219,77789.3
2220,87969.3
2221,298300.0
2222,212600.0
2223,243469.9
2224,214667.8
2225,138243.2
2226,160700.0
2227,193940.0
2228,293807.9
2229,242202.4
2230,153163.0
2231,189049.1
2232,170035.3
2233,165080.0
2234,228772.4
2235,176862.4
2236,262931.1
2237,317054.4
2238,197707.8
2239,126680.0
2240,157233.7
2241,151890.0
2242,135030.0
2243,143050.0
2244,93725.0
2245,90450.0
2246,136962.5
2247,100990.0
2248,120933.2
2249,116633.2
2250,129883.2
2251,156700.0
2252,172120.0
2253,145276.5
2254,176077.4
2255,177390.0
2256,180496.5
2257,182335.3
2258,160750.0
2259,171865.3
2260,145765.0
2261,219582.6
2262,258225.7
2263,311833.0
2264,369877.3
2265,159420.0
2266,293259.4
2267,335940.0
2268,300846.3
2269,158743.2
2270,175440.0
2271,242175.0
2272,200600.0
2273,162650.0
2274,160130.0
2275,148690.0
2276,161300.0
2277,164533.4
2278,159050.0
2279,117600.0
2280,108820.0
2281,178953.2
2282,174759.0
2283,95630.0
2284,113990.0
2285,155650.0
2286,121480.0
2287,326900.5
2288,286489.3
2289,357770.7
2290,335690.9
2291,287370.5
2292,381991.2
2293,338693.6
2294,403349.3
2295,370063.5
2296,276924.3
2297,305793.7
2298,325011.1
2299,397150.5
2300,316632.4
2301,265972.4
2302,236197.8
2303,225382.4
2304,251813.0
2305,169853.2
2306,170653.2
2307,180056.4
2308,222766.1
2309,254306.1
2310,215483.0
2311,196855.0
2312,175160.0
2313,167370.0
2314,170070.0
2315,164915.3
2316,178500.0
2317,177894.9
2318,162400.0
2319,183517.4
2320,170623.2
2321,277613.9
2322,160399.0
2323,154990.0
2324,151930.0
2325,210889.0
2326,151000.0
2327,201400.0
2328,216800.0
2329,173670.0
2330,170225.3
2331,346979.4
2332,381981.1
2333,289010.0
2334,258735.8
2335,244769.8
2336,340837.4
2337,176101.4
2338,279216.2
2339,232532.4
2340,385803.9
2341,226551.8
2342,244201.5
2343,202609.0
2344,232228.5
2345,255132.0
2346,209415.6
2347,179905.5
2348,215135.6
2349,140259.3
2350,269874.7
2351,242450.0
2352,229642.2
2353,183110.3
2354,126925.0
2355,167930.2
2356,149445.0
2357,208909.0
2358,182490.0
2359,124033.2
2360,114483.2
2361,134513.7
2362,250384.9
2363,135197.5
2364,145907.5
2365,224045.6
2366,188336.3
2367,221316.3
2368,187880.0
2369,220790.0
2370,159150.0
2371,159600.0
2372,170440.0
2373,251670.0
2374,285795.6
2375,294555.7
2376,281450.0
2377,351200.0
2378,131037.5
2379,178600.0
2380,140655.0
2381,143000.0
2382,180505.0
2383,234169.0
2384,231240.0
2385,158890.0
2386,135430.0
2387,125865.0
2388,111470.0
2389,118600.0
2390,129750.0
2391,123680.0
2392,110795.0
2393,160840.0
2394,137790.0
2395,191527.0
2396,138835.0
2397,200340.0
2398,116640.0
2399,76121.1
2400,73171.1
2401,110560.0
2402,133570.0
2403,136500.0
2404,142450.0
2405,144500.0
2406,118490.0
2407,125850.0
2408,136140.0
2409,137433.7
2410,161220.0
2411,109490.0
2412,163890.0
2413,125140.0
2414,128060.0
2415,137450.0
2416,121650.0
2417,118740.0
2418,112500.0
2419,146100.0
2420,111680.0
2421,161960.0
2422,112350.0
2423,144688.7
2424,171390.0
2425,170754.0
2426,107018.0
2427,132600.0
2428,187250.0
2429,108890.0
2430,115940.0
2431,123270.0
2432,125980.0
2433,134190.0
2434,130833.7
2435,145533.7
2436,89100.0
2437,111390.0
2438,115190.0
2439,109585.0
2440,118675.0
2441,106050.0
2442,97670.0
2443,104120.0
2444,116035.0
2445,92540.0
2446,131488.7
2447,216553.0
2448,134020.0
2449,107125.0
2450,167890.0
2451,121895.0
2452,240772.5
2453,96450.0
2454,110646.4
2455,108280.0
2456,146490.0
2457,106390.0
2458,103580.0
2459,100322.6
2460,131700.0
2461,106500.0
2462,119440.0
2463,111370.0
2464,153178.7
2465,122065.0
2466,118495.0
2467,157330.0
2468,90400.0
2469,99350.0
2470,187817.0
2471,212500.0
2472,179897.0
2473,114190.0
2474,132325.0
2475,222980.0
2476,115433.4
2477,124840.0
2478,154295.0
2479,121975.0
2480,128105.0
2481,132345.0
2482,125130.0
2483,106700.0
2484,116550.0
2485,116670.0
2486,160340.0
2487,169680.0
2488,148220.0
2489,132018.3
2490,147802.5
2491,90810.0
2492,162625.0
2493,124300.0
2494,191950.0
2495,102980.0
2496,209790.0
2497,145930.0
2498,110710.0
2499,95515.0
2500,124950.0
2501,128050.0
2502,156100.0
2503,103845.0
2504,191890.0
2505,209929.9
2506,254171.4
2507,300876.3
2508,270671.4
2509,228707.0
2510,234966.1
2511,165303.4
2512,212672.5
2513,207480.0
2514,261234.1
2515,138140.0
2516,136723.3
2517,129943.3
2518,135490.0
2519,204685.0
2520,192600.0
2521,182105.0
2522,217017.8
2523,116850.0
2524,131617.5
2525,137443.2
2526,132840.0
2527,106043.2
2528,120550.0
2529,124426.0
2530,109120.0
2531,228290.0
2532,220740.0
2533,197545.0
2534,286442.4
2535,281242.4
2536,235342.4
2537,246940.0
2538,178763.5
2539,154833.4
2540,174945.4
2541,172913.5
2542,155664.0
2543,121350.0
2544,142195.0
2545,128025.0
2546,145003.7
2547,136270.0
2548,157070.6
2549,145473.3
2550,393925.5
2551,132493.3
2552,112180.0
2553,103580.0
2554,120545.5
2555,99670.0
2556,95690.0
2557,110830.0
2558,153770.0
2559,121990.0
2560,117485.0
2561,135120.0
2562,120040.0
2563,116425.0
2564,193710.0
2565,96930.0
2566,164113.4
2567,116133.4
2568,185710.0
2569,176690.0
2570,120313.2
2571,170145.3
2572,185445.6
2573,226720.0
2574,308000.0
2575,113910.0
2576,139175.0
2577,160760.0
2578,91300.0
2579,86500.0
2580,132438.7
2581,137823.7
2582,105489.3
2583,276890.2
2584,152143.2
2585,158139.5
2586,212637.8
2587,197090.0
2588,153150.0
2589,140430.0
2590,234240.0
2591,203787.0
2592,211861.8
2593,241650.0
2594,150790.0
2595,187915.6
2596,348740.2
2597,171669.3
2598,249447.9
2599,308796.1
2600,164948.7
2601,138873.3
2602,81390.0
2603,90555.0
2604,86450.0
2605,78940.0
2606,140669.3
2607,158178.5
2608,203009.4
2609,176940.0
2610,112320.0
2611,177987.5
2612,154575.0
2613,118233.2
2614,118033.2
2615,135350.0
2616,130480.0
2617,162370.5
2618,168028.5
2619,226279.0
2620,181400.0
2621,185365.3
2622,179895.3
2623,224519.3
2624,244352.5
2625,353774.2
2626,169923.7
2627,195345.6
2628,450127.6
2629,607829.4
2630,362265.1
2631,358356.5
2632,421176.9
2633,282071.3
2634,351666.6
2635,141518.2
2636,201504.0
2637,152400.0
2638,261673.5
2639,178220.0
2640,153350.0
2641,109920.0
2642,178700.0
2643,103650.0
2644,128620.0
2645,99130.0
2646,95930.0
2647,95520.0
2648,132250.0
2649,127683.4
2650,148335.0
2651,156100.0
2652,392778.6
2653,208932.1
2654,234622.8
2655,362541.2
2656,316686.7
2657,278719.4
2658,269255.9
2659,299746.5
2660,286976.3
2661,334640.2
2662,359959.2
2663,274568.3
2664,254306.1
2665,298787.4
2666,250687.4
2667,161217.0
2668,181083.5
2669,178099.4
2670,289791.8
2671,179163.5
2672,174710.0
2673,207053.4
2674,203713.4
2675,152700.0
2676,187415.0
2677,176160.0
2678,253762.9
2679,290991.7
2680,289809.4
2681,398654.1
2682,361550.0
2683,533484.2
2684,320021.9
2685,364219.9
2686,248958.7
2687,307807.5
2688,232112.4
2689,209415.6
2690,428564.7
2691,173470.3
2692,140282.5
2693,199613.1
2694,127963.0
2695,193710.5
2696,179685.0
2697,178220.3
2698,180650.0
2699,161390.0
2700,174393.7
2701,140533.3
2702,109830.0
2703,138775.0
2704,138725.0
2705,115040.0
2706,114318.0
2707,118720.0
2708,137900.0
2709,110600.0
2710,111790.0
2711,274697.9
2712,370100.0
2713,160795.2
2714,149090.0
2715,161070.0
2716,153405.2
2717,183385.0
2718,230300.0
2719,154412.5
2720,155140.0
2721,133390.0
2722,143095.0
2723,138200.0
2724,118730.0
2725,125900.0
2726,132357.5
2727,161133.4
2728,169100.0
2729,150100.0
2730,130500.0
2731,100280.0
2732,102645.0
2733,158380.0
2734,143710.5
2735,128690.0
2736,143188.7
2737,112900.0
2738,141590.5
2739,144525.0
2740,122740.0
2741,139540.0
2742,142545.0
2743,148090.0
2744,142667.5
2745,124530.0
2746,131000.0
2747,167864.0
2748,112967.1
2749,112323.0
2750,133930.0
2751,116440.0
2752,207430.0
2753,153552.5
2754,184330.0
2755,115975.0
2756,94970.0
2757,88600.0
2758,74290.0
2759,169500.0
2760,140100.0
2761,142640.0
2762,129808.7
2763,178390.0
2764,171040.0
2765,240497.9
2766,151350.0
2767,93510.0
2768,132350.0
2769,129033.7
2770,144290.0
2771,115310.0
2772,117700.0
2773,149000.0
2774,150440.0
2775,142750.0
2776,143100.0
2777,148090.0
2778,127620.0
2779,131195.3
2780,103484.0
2781,96530.0
2782,88519.3
2783,103375.0
2784,129050.0
2785,136690.0
2786,88540.0
2787,108590.0
2788,84630.0
2789,240476.0
2790,109935.0
2791,117775.0
2792,88190.0
2793,157017.4
2794,104080.0
2795,106450.0
2796,92925.0
2797,201847.0
2798,124559.0
2799,111840.0
2800,88790.0
2801,108978.0
2802,145090.0
2803,169820.5
2804,147805.3
2805,97880.0
2806,97110.0
2807,152658.6
2808,151687.5
2809,126300.0
2810,130100.0
2811,153549.0
2812,135023.2
2813,150950.5
2814,150650.0
2815,94200.0
2816,259090.0
2817,127125.0
2818,123005.0
2819,171465.0
2820,116810.0
2821,105367.6
2822,191795.0
2823,206887.0
2824,174950.0
2825,143470.3
2826,128650.0
2827,150530.0
2828,212320.0
2829,154250.3
2830,244602.4
2831,167183.4
2832,198230.0
2833,302380.2
2834,196957.5
2835,202100.0
2836,186179.0
2837,157700.0
2838,142390.0
2839,179779.0
2840,156410.0
2841,199430.0
2842,208490.0
2843,137336.4
2844,149393.2
2845,118215.0
2846,204290.0
2847,189025.0
2848,245752.4
2849,220717.5
2850,313199.4
2851,230679.0
2852,224969.0
2853,246212.5
2854,132103.3
2855,189523.4
2856,200200.0
2857,183430.0
2858,182461.2
2859,157490.0
2860,129700.0
2861,121355.9
2862,169140.0
2863,125173.3
2864,262397.0
2865,132493.3
2866,137985.0
2867,83940.0
2868,115140.0
2869,128410.0
2870,177610.0
2871,120549.0
2872,79702.2
2873,114195.0
2874,160490.0
2875,107990.0
2876,174230.0
2877,143750.0
2878,182415.0
2879,150950.0
2880,104800.0
2881,174828.7
2882,152490.0
2883,167110.0
2884,186555.0
2885,179848.7
2886,190950.0
2887,98628.0
2888,115010.0
2889,78381.1
2890,80545.0
2891,144100.0
2892,96529.3
2893,110249.3
2894,80889.3
2895,297059.4
2896,273950.0
2897,194615.0
2898,159215.0
2899,244532.4
2900,152357.5
2901,191592.4
2902,173249.0
2903,296375.0
2904,366945.3
2905,130710.0
2906,198127.8
2907,126143.3
2908,115490.0
2909,134671.0
2910,87950.0
2911,81390.0
2912,157902.5
2913,87200.0
2914,81790.0
2915,81790.0
2916,84440.0
2917,155540.0
2918,119981.3
2919,241090.0
